Cod regiune	X1	X2	X3	X4	X5	X6	X7	X8	X9	X10
BE10	2,70	33,33	0,00	0,00	66,67	33,33	33,33	33,33	33,33	66,67
BE21	3,10	100,00	33,33	0,00	66,67	33,33	0,00	33,33	0,00	66,67
BE22	2,50	66,67	0,00	0,00	33,33	33,33	33,33	0,00	0,00	33,33
BE23	3,40	66,67	0,00	0,00	66,67	33,33	33,33	33,33	0,00	66,67
BE24	2,50	0,00	33,33	0,00	0,00	0,00	0,00	0,00	0,00	0,00
BE25	2,80	33,33	33,33	0,00	33,33	33,33	33,33	33,33	0,00	33,33
BE31	2,10	0,00	0,00	0,00	33,33	0,00	0,00	0,00	0,00	33,33
BE32	3,80	33,33	33,33	0,00	0,00	0,00	33,33	33,33	0,00	100,00
BE33	2,40	33,33	33,33	0,00	0,00	33,33	0,00	33,33	0,00	66,67
BE34	1,90	0,00	0,00	0,00	0,00	33,33	0,00	0,00	0,00	0,00
BE35	2,80	0,00	0,00	0,00	0,00	33,33	0,00	33,33	0,00	66,67
BG31	7,10	0,00	0,00	0,00	100,00	0,00	33,33	100,00	0,00	66,67
BG32	6,40	33,33	66,67	0,00	100,00	66,67	33,33	33,33	0,00	100,00
BG33	5,80	33,33	33,33	0,00	66,67	66,67	0,00	66,67	0,00	66,67
BG34	9,60	0,00	66,67	0,00	100,00	0,00	0,00	100,00	33,33	66,67
BG41	3,10	0,00	100,00	0,00	100,00	33,33	33,33	100,00	33,33	100,00
BG42	5,10	0,00	0,00	0,00	100,00	66,67	0,00	100,00	0,00	100,00
CZ01	1,80	33,33	66,67	0,00	66,67	0,00	0,00	66,67	33,33	33,33
CZ02	1,50	0,00	33,33	0,00	66,67	33,33	66,67	33,33	0,00	66,67
CZ03	1,80	33,33	0,00	0,00	33,33	0,00	0,00	33,33	0,00	0,00
CZ04	3,10	100,00	33,33	0,00	66,67	66,67	0,00	100,00	0,00	100,00
CZ05	2,10	33,33	33,33	0,00	66,67	0,00	0,00	0,00	33,33	66,67
CZ06	2,30	66,67	33,33	0,00	33,33	33,33	0,00	0,00	0,00	33,33
CZ07	3,00	66,67	0,00	0,00	33,33	33,33	0,00	33,33	0,00	33,33
CZ08	2,30	33,33	66,67	0,00	33,33	0,00	0,00	0,00	0,00	66,67
DK01	2,90	66,67	0,00	0,00	66,67	33,33	0,00	33,33	0,00	33,33
DK02	3,50	0,00	0,00	0,00	0,00	33,33	0,00	0,00	0,00	33,33
DK03	3,30	0,00	0,00	0,00	0,00	33,33	33,33	33,33	0,00	33,33
DK04	2,70	33,33	33,33	0,00	66,67	33,33	0,00	33,33	33,33	66,67
DK05	4,20	0,00	0,00	0,00	33,33	0,00	0,00	33,33	0,00	66,67
DE11	3,00	100,00	66,67	0,00	0,00	100,00	66,67	33,33	66,67	66,67
DE12	3,10	66,67	0,00	0,00	33,33	100,00	66,67	0,00	0,00	66,67
DE13	3,50	66,67	0,00	0,00	0,00	33,33	33,33	33,33	33,33	66,67
DE14	2,10	66,67	0,00	0,00	33,33	66,67	0,00	0,00	0,00	33,33
DE21	2,30	100,00	0,00	0,00	66,67	33,33	0,00	100,00	0,00	33,33
DE22	3,10	0,00	0,00	0,00	0,00	0,00	0,00	0,00	33,33	0,00
DE23	2,20	0,00	0,00	0,00	0,00	0,00	0,00	0,00	33,33	66,67
DE24	3,50	0,00	0,00	0,00	33,33	0,00	33,33	0,00	0,00	33,33
DE25	3,10	66,67	33,33	0,00	0,00	66,67	0,00	0,00	0,00	100,00
DE26	3,30	0,00	0,00	0,00	0,00	66,67	0,00	0,00	0,00	0,00
DE27	1,90	33,33	0,00	0,00	0,00	0,00	0,00	66,67	0,00	66,67
DE30	2,90	66,67	33,33	0,00	100,00	66,67	0,00	0,00	0,00	66,67
DE40	3,00	33,33	33,33	0,00	33,33	66,67	0,00	33,33	0,00	66,67
DE50	2,60	66,67	0,00	0,00	0,00	66,67	0,00	0,00	0,00	33,33
DE60	3,20	33,33	33,33	0,00	0,00	0,00	66,67	66,67	0,00	66,67
DE71	2,80	100,00	0,00	0,00	0,00	66,67	66,67	66,67	33,33	66,67
DE72	3,60	0,00	0,00	0,00	33,33	33,33	33,33	0,00	0,00	0,00
DE73	2,40	33,33	33,33	0,00	0,00	33,33	0,00	33,33	0,00	0,00
DE80	2,00	33,33	66,67	0,00	0,00	33,33	0,00	33,33	0,00	66,67
DE91	4,30	66,67	0,00	0,00	0,00	66,67	0,00	33,33	0,00	100,00
DE92	2,50	33,33	33,33	0,00	33,33	33,33	0,00	66,67	0,00	100,00
DE93	4,10	66,67	0,00	0,00	66,67	33,33	33,33	33,33	0,00	100,00
DE94	2,70	0,00	0,00	33,33	33,33	33,33	33,33	66,67	0,00	66,67
DEA1	3,20	100,00	33,33	0,00	66,67	100,00	66,67	100,00	0,00	100,00
DEA2	2,90	66,67	33,33	0,00	66,67	66,67	0,00	100,00	0,00	100,00
DEA3	4,10	100,00	0,00	0,00	33,33	33,33	66,67	66,67	0,00	33,33
DEA4	2,60	33,33	100,00	0,00	66,67	66,67	0,00	66,67	33,33	66,67
DEA5	3,90	66,67	100,00	0,00	66,67	100,00	66,67	100,00	0,00	100,00
DEB1	3,00	66,67	0,00	0,00	0,00	0,00	33,33	0,00	0,00	66,67
DEB2	2,80	0,00	66,67	0,00	0,00	0,00	0,00	0,00	0,00	33,33
DEB3	3,00	100,00	0,00	0,00	0,00	0,00	33,33	33,33	33,33	0,00
DED2	2,20	33,33	0,00	0,00	33,33	33,33	33,33	33,33	0,00	33,33
DED4	2,30	33,33	0,00	0,00	33,33	33,33	33,33	0,00	33,33	0,00
DED5	3,10	33,33	0,00	0,00	0,00	33,33	0,00	0,00	0,00	0,00
DEE0	3,40	0,00	33,33	0,00	66,67	66,67	33,33	33,33	33,33	33,33
DEF0	3,00	66,67	33,33	0,00	0,00	0,00	66,67	33,33	0,00	100,00
DEG0	3,10	100,00	33,33	0,00	33,33	0,00	0,00	0,00	0,00	33,33
EE00	2,20	33,33	33,33	0,00	66,67	66,67	0,00	33,33	33,33	66,67
IE04	3,90	33,33	0,00	0,00	0,00	0,00	0,00	33,33	33,33	33,33
IE05	3,70	66,67	0,00	0,00	33,33	0,00	33,33	0,00	0,00	0,00
IE06	2,60	33,33	0,00	0,00	0,00	66,67	0,00	66,67	0,00	33,33
EL30	3,40	100,00	33,33	0,00	100,00	66,67	66,67	100,00	0,00	33,33
EL42	2,60	0,00	0,00	0,00	0,00	0,00	0,00	0,00	0,00	0,00
EL51	7,10	33,33	0,00	0,00	100,00	0,00	33,33	100,00	0,00	0,00
EL52	3,70	66,67	33,33	0,00	100,00	66,67	0,00	33,33	33,33	0,00
EL54	4,00	33,33	0,00	0,00	33,33	0,00	0,00	33,33	0,00	0,00
EL61	2,90	66,67	0,00	0,00	66,67	0,00	0,00	0,00	0,00	0,00
EL62	5,00	0,00	0,00	0,00	33,33	33,33	0,00	33,33	0,00	0,00
EL63	3,40	33,33	0,00	0,00	100,00	33,33	0,00	33,33	0,00	0,00
EL64	2,70	66,67	0,00	0,00	100,00	33,33	0,00	0,00	0,00	0,00
EL65	4,20	66,67	0,00	0,00	100,00	0,00	0,00	33,33	0,00	0,00
ES11	2,30	33,33	66,67	0,00	33,33	66,67	0,00	66,67	33,33	33,33
ES12	2,30	33,33	0,00	0,00	0,00	66,67	0,00	0,00	0,00	0,00
ES13	4,90	0,00	0,00	0,00	33,33	0,00	33,33	0,00	0,00	0,00
ES21	2,50	66,67	33,33	0,00	66,67	66,67	33,33	100,00	33,33	66,67
ES22	2,90	66,67	0,00	0,00	33,33	0,00	33,33	33,33	0,00	33,33
ES23	5,00	0,00	0,00	0,00	0,00	0,00	0,00	0,00	0,00	0,00
ES24	1,90	0,00	0,00	0,00	33,33	33,33	0,00	66,67	0,00	0,00
ES30	2,50	100,00	100,00	0,00	100,00	66,67	66,67	100,00	66,67	100,00
ES41	2,30	33,33	0,00	0,00	33,33	33,33	33,33	66,67	0,00	33,33
ES42	3,00	66,67	66,67	0,00	0,00	66,67	0,00	66,67	66,67	66,67
ES43	1,50	33,33	0,00	0,00	33,33	0,00	33,33	33,33	33,33	33,33
ES51	2,10	100,00	100,00	0,00	33,33	100,00	100,00	66,67	66,67	100,00
ES52	2,30	100,00	66,67	0,00	100,00	100,00	66,67	33,33	0,00	100,00
ES53	2,30	0,00	0,00	0,00	33,33	66,67	0,00	0,00	0,00	33,33
ES61	3,00	100,00	100,00	0,00	66,67	66,67	100,00	100,00	33,33	100,00
ES62	2,80	100,00	0,00	0,00	66,67	0,00	33,33	66,67	33,33	33,33
ES70	2,80	66,67	33,33	0,00	66,67	33,33	33,33	0,00	0,00	66,67
FR10	4,10	100,00	100,00	0,00	100,00	100,00	100,00	100,00	66,67	100,00
FRB0	3,40	66,67	33,33	0,00	0,00	100,00	0,00	100,00	66,67	66,67
FRC1	2,60	100,00	100,00	0,00	33,33	66,67	0,00	33,33	0,00	0,00
FRC2	3,50	100,00	33,33	0,00	0,00	0,00	0,00	100,00	33,33	66,67
FRD1	3,00	66,67	66,67	0,00	33,33	33,33	33,33	33,33	0,00	66,67
FRD2	3,30	100,00	100,00	0,00	100,00	33,33	0,00	33,33	0,00	33,33
FRE1	2,80	100,00	100,00	0,00	100,00	33,33	66,67	100,00	33,33	100,00
FRE2	3,60	100,00	100,00	0,00	100,00	33,33	33,33	66,67	0,00	33,33
FRF1	3,80	100,00	33,33	0,00	100,00	66,67	33,33	100,00	0,00	66,67
FRF2	3,70	66,67	33,33	0,00	0,00	0,00	33,33	66,67	0,00	66,67
FRF3	3,70	66,67	100,00	0,00	66,67	33,33	66,67	66,67	0,00	100,00
FRG0	3,00	66,67	33,33	0,00	100,00	0,00	66,67	100,00	66,67	100,00
FRH0	3,10	66,67	100,00	0,00	33,33	66,67	33,33	66,67	0,00	100,00
FRI1	2,80	100,00	33,33	0,00	33,33	100,00	0,00	66,67	33,33	100,00
FRI2	4,50	33,33	0,00	0,00	33,33	0,00	33,33	100,00	0,00	33,33
FRI3	3,50	33,33	66,67	0,00	33,33	66,67	33,33	66,67	0,00	66,67
FRJ1	2,80	33,33	66,67	0,00	33,33	100,00	33,33	66,67	66,67	66,67
FRJ2	3,10	66,67	66,67	0,00	33,33	33,33	33,33	100,00	0,00	100,00
FRK1	4,50	33,33	33,33	0,00	0,00	0,00	0,00	33,33	33,33	33,33
FRK2	3,20	100,00	66,67	0,00	66,67	100,00	66,67	100,00	33,33	100,00
FRL0	3,10	100,00	66,67	0,00	33,33	100,00	33,33	100,00	0,00	33,33
FRM0	2,60	0,00	33,33	0,00	0,00	0,00	33,33	0,00	0,00	33,33
FRY1	9,70	0,00	0,00	0,00	66,67	0,00	0,00	0,00	0,00	0,00
FRY2	9,10	0,00	66,67	0,00	33,33	33,33	0,00	0,00	0,00	66,67
FRY4	6,40	66,67	33,33	0,00	66,67	0,00	66,67	100,00	0,00	100,00
FRY5	8,80	66,67	33,33	0,00	100,00	0,00	33,33	100,00	0,00	66,67
HR03	4,20	33,33	0,00	0,00	66,67	33,33	0,00	33,33	33,33	0,00
HR04	6,00	100,00	0,00	0,00	100,00	33,33	33,33	100,00	0,00	66,67
ITC1	1,80	33,33	66,67	0,00	33,33	66,67	100,00	100,00	0,00	66,67
ITC2	0,00	0,00	0,00	0,00	0,00	0,00	0,00	33,33	0,00	0,00
ITC3	2,80	33,33	0,00	0,00	0,00	0,00	0,00	0,00	0,00	100,00
ITC4	2,20	100,00	100,00	0,00	100,00	100,00	100,00	100,00	100,00	100,00
ITH1	1,90	33,33	0,00	0,00	0,00	33,33	0,00	0,00	0,00	0,00
ITH2	1,90	0,00	0,00	0,00	0,00	0,00	0,00	33,33	0,00	66,67
ITH3	2,00	100,00	33,33	0,00	66,67	33,33	0,00	66,67	0,00	100,00
ITH4	2,20	66,67	0,00	0,00	33,33	66,67	33,33	33,33	0,00	0,00
ITH5	2,30	100,00	100,00	0,00	100,00	100,00	0,00	100,00	66,67	66,67
ITI1	1,40	33,33	33,33	0,00	66,67	100,00	33,33	66,67	0,00	100,00
ITI2	1,30	0,00	0,00	0,00	0,00	0,00	33,33	0,00	0,00	66,67
ITI3	1,50	33,33	33,33	0,00	100,00	0,00	66,67	33,33	33,33	100,00
ITI4	1,70	100,00	66,67	0,00	100,00	66,67	100,00	33,33	0,00	100,00
ITF1	2,30	66,67	0,00	0,00	0,00	33,33	0,00	66,67	0,00	66,67
ITF2	2,40	0,00	0,00	0,00	0,00	33,33	0,00	0,00	0,00	0,00
ITF3	2,60	100,00	66,67	0,00	66,67	100,00	66,67	66,67	0,00	100,00
ITF4	2,50	100,00	100,00	0,00	100,00	66,67	33,33	100,00	66,67	100,00
ITF5	2,10	33,33	0,00	0,00	33,33	0,00	0,00	0,00	0,00	33,33
ITF6	3,90	66,67	66,67	0,00	66,67	33,33	0,00	66,67	0,00	100,00
ITG1	3,40	100,00	66,67	0,00	100,00	33,33	66,67	100,00	33,33	100,00
ITG2	2,10	66,67	0,00	0,00	0,00	66,67	33,33	33,33	0,00	0,00
CY00	2,70	33,33	33,33	0,00	0,00	0,00	0,00	66,67	33,33	33,33
LV00	2,70	0,00	33,33	0,00	66,67	0,00	0,00	66,67	33,33	33,33
LT01	3,10	33,33	0,00	0,00	33,33	100,00	66,67	66,67	0,00	100,00
LT02	3,10	100,00	100,00	0,00	100,00	33,33	0,00	100,00	0,00	100,00
LU00	3,10	33,33	0,00	0,00	0,00	0,00	0,00	33,33	0,00	0,00
HU11	1,70	0,00	0,00	0,00	66,67	66,67	33,33	66,67	33,33	33,33
HU12	1,90	0,00	0,00	0,00	66,67	0,00	33,33	33,33	0,00	33,33
HU21	4,20	33,33	0,00	0,00	33,33	0,00	0,00	0,00	0,00	66,67
HU22	3,30	0,00	33,33	0,00	0,00	66,67	33,33	66,67	0,00	0,00
HU23	2,90	0,00	33,33	0,00	33,33	0,00	0,00	33,33	0,00	33,33
HU31	4,70	100,00	0,00	0,00	100,00	66,67	0,00	66,67	0,00	66,67
HU32	4,50	66,67	0,00	0,00	100,00	66,67	0,00	100,00	33,33	66,67
HU33	3,20	33,33	0,00	0,00	0,00	0,00	0,00	66,67	0,00	0,00
MT00	3,90	0,00	0,00	0,00	66,67	0,00	0,00	0,00	0,00	33,33
NL11	2,10	0,00	0,00	0,00	33,33	33,33	33,33	66,67	0,00	33,33
NL12	2,70	33,33	33,33	0,00	0,00	0,00	0,00	33,33	0,00	0,00
NL13	3,40	66,67	0,00	0,00	0,00	0,00	0,00	0,00	0,00	33,33
NL21	3,80	33,33	33,33	0,00	66,67	0,00	0,00	33,33	33,33	33,33
NL22	3,70	66,67	33,33	33,33	0,00	100,00	33,33	33,33	0,00	33,33
NL23	4,60	33,33	33,33	0,00	33,33	33,33	33,33	33,33	0,00	0,00
NL31	3,10	100,00	66,67	0,00	0,00	66,67	0,00	100,00	0,00	66,67
NL32	3,40	66,67	0,00	0,00	33,33	100,00	66,67	66,67	0,00	100,00
NL33	3,50	100,00	33,33	0,00	33,33	100,00	66,67	33,33	0,00	66,67
NL34	2,80	0,00	33,33	0,00	0,00	0,00	0,00	0,00	0,00	0,00
NL41	2,90	66,67	0,00	0,00	100,00	66,67	66,67	66,67	0,00	66,67
NL42	3,20	33,33	0,00	0,00	33,33	33,33	0,00	0,00	0,00	33,33
AT11	2,70	0,00	0,00	0,00	0,00	33,33	0,00	0,00	0,00	33,33
AT12	3,40	33,33	0,00	0,00	33,33	33,33	33,33	33,33	0,00	33,33
AT13	3,60	66,67	0,00	0,00	33,33	33,33	33,33	33,33	0,00	0,00
AT21	1,10	0,00	0,00	0,00	0,00	0,00	0,00	0,00	0,00	0,00
AT22	2,00	33,33	0,00	0,00	0,00	66,67	0,00	0,00	0,00	33,33
AT31	2,50	0,00	0,00	0,00	66,67	66,67	0,00	66,67	0,00	33,33
AT32	2,80	100,00	33,33	0,00	0,00	0,00	0,00	33,33	0,00	0,00
AT33	2,40	33,33	33,33	0,00	0,00	33,33	0,00	0,00	0,00	0,00
AT34	1,60	33,33	0,00	0,00	0,00	0,00	66,67	33,33	0,00	0,00
PL21	3,00	66,67	33,33	0,00	100,00	66,67	66,67	66,67	0,00	66,67
PL22	4,40	33,33	0,00	0,00	100,00	100,00	0,00	100,00	0,00	66,67
PL41	3,80	100,00	0,00	0,00	100,00	66,67	66,67	33,33	66,67	0,00
PL42	3,70	33,33	0,00	0,00	33,33	66,67	0,00	33,33	33,33	0,00
PL43	3,20	33,33	0,00	0,00	100,00	33,33	0,00	0,00	0,00	0,00
PL51	4,50	33,33	0,00	0,00	66,67	33,33	0,00	0,00	33,33	0,00
PL52	4,00	0,00	33,33	0,00	66,67	0,00	0,00	0,00	0,00	33,33
PL61	5,60	66,67	0,00	0,00	100,00	66,67	0,00	66,67	33,33	0,00
PL62	4,80	0,00	0,00	0,00	100,00	33,33	0,00	0,00	0,00	66,67
PL63	4,10	66,67	33,33	0,00	100,00	33,33	0,00	66,67	33,33	0,00
PL71	3,60	33,33	0,00	0,00	66,67	66,67	0,00	33,33	0,00	66,67
PL81	4,60	66,67	0,00	0,00	0,00	0,00	0,00	66,67	33,33	33,33
PL84	4,70	33,33	0,00	0,00	100,00	33,33	0,00	0,00	33,33	0,00
PL91	3,30	33,33	0,00	0,00	100,00	66,67	33,33	0,00	33,33	0,00
PL92	3,60	33,33	0,00	0,00	66,67	100,00	33,33	33,33	66,67	0,00
PT11	2,10	100,00	0,00	0,00	100,00	66,67	0,00	33,33	0,00	66,67
PT15	1,70	0,00	0,00	0,00	33,33	0,00	0,00	0,00	0,00	0,00
PT16	2,30	100,00	0,00	0,00	66,67	33,33	0,00	100,00	0,00	66,67
PT17	2,90	100,00	66,67	0,00	100,00	66,67	33,33	66,67	33,33	66,67
PT18	1,90	33,33	0,00	0,00	33,33	0,00	0,00	33,33	0,00	66,67
PT20	2,40	0,00	0,00	0,00	33,33	0,00	0,00	33,33	0,00	0,00
PT30	3,40	33,33	0,00	0,00	0,00	33,33	0,00	0,00	0,00	0,00
RO11	5,80	66,67	66,67	0,00	100,00	33,33	66,67	100,00	66,67	66,67
RO12	6,20	100,00	100,00	0,00	100,00	66,67	33,33	100,00	66,67	66,67
RO21	5,70	100,00	100,00	0,00	100,00	100,00	0,00	100,00	100,00	100,00
RO22	6,20	66,67	100,00	0,00	100,00	33,33	33,33	100,00	66,67	66,67
RO31	4,90	0,00	100,00	0,00	100,00	66,67	66,67	100,00	66,67	100,00
RO32	2,50	33,33	100,00	0,00	100,00	66,67	33,33	33,33	0,00	100,00
RO41	6,10	33,33	100,00	0,00	100,00	66,67	0,00	100,00	66,67	100,00
RO42	4,70	100,00	66,67	0,00	100,00	66,67	0,00	66,67	100,00	100,00
SI03	2,00	0,00	0,00	0,00	66,67	33,33	0,00	0,00	33,33	33,33
SI04	1,60	0,00	0,00	0,00	33,33	0,00	0,00	33,33	0,00	0,00
SK01	2,00	33,33	0,00	0,00	33,33	33,33	0,00	33,33	0,00	0,00
SK02	3,40	66,67	66,67	0,00	100,00	33,33	33,33	66,67	33,33	66,67
SK03	4,00	33,33	100,00	0,00	66,67	33,33	0,00	33,33	33,33	66,67
SK04	8,10	100,00	100,00	0,00	100,00	100,00	33,33	100,00	33,33	66,67
FI19	1,80	66,67	0,00	0,00	0,00	66,67	0,00	0,00	33,33	33,33
FI1B	1,40	66,67	0,00	0,00	0,00	0,00	66,67	33,33	0,00	0,00
FI1C	2,90	66,67	0,00	0,00	0,00	33,33	0,00	0,00	0,00	0,00
FI1D	1,40	66,67	0,00	0,00	33,33	33,33	0,00	33,33	0,00	0,00
SE11	1,50	66,67	33,33	0,00	66,67	33,33	66,67	33,33	0,00	33,33
SE12	2,20	66,67	66,67	0,00	66,67	0,00	0,00	33,33	0,00	33,33
SE21	2,50	66,67	100,00	0,00	66,67	0,00	0,00	33,33	0,00	33,33
SE22	1,90	33,33	0,00	0,00	33,33	33,33	0,00	33,33	0,00	66,67
SE23	1,70	33,33	33,33	33,33	66,67	66,67	0,00	66,67	0,00	66,67
SE31	2,00	33,33	0,00	0,00	66,67	66,67	33,33	66,67	0,00	0,00
SE32	1,10	0,00	0,00	0,00	0,00	33,33	0,00	0,00	0,00	33,33
SE33	2,10	33,33	0,00	0,00	0,00	0,00	0,00	0,00	0,00	0,00
IS00	3,30	33,33	0,00	0,00	0,00	0,00	0,00	0,00	0,00	0,00
NO02	0,30	33,33	0,00	0,00	0,00	0,00	0,00	0,00	0,00	0,00
NO06	2,00	66,67	0,00	0,00	0,00	0,00	0,00	0,00	0,00	33,33
NO07	1,30	33,33	0,00	0,00	0,00	33,33	0,00	33,33	0,00	0,00
CH01	2,60	100,00	0,00	0,00	100,00	0,00	0,00	33,33	0,00	33,33
CH02	2,90	33,33	0,00	0,00	100,00	0,00	0,00	66,67	0,00	66,67
CH03	3,60	33,33	0,00	0,00	0,00	33,33	0,00	0,00	33,33	66,67
CH04	4,20	66,67	0,00	0,00	0,00	33,33	33,33	66,67	33,33	0,00
CH05	3,30	0,00	33,33	0,00	0,00	33,33	33,33	33,33	0,00	33,33
CH06	2,20	33,33	0,00	0,00	0,00	33,33	0,00	0,00	0,00	33,33
